schemaVersion = 1
lightingPresetIndex = 1
sunIntensityScale = 1.000000
ambientIntensityScale = 1.000000
sunDirectionOverride = -1
kickerEnabled = false
kickerRightSide = true
kickerIntensity = 0.250000
kickerYawDegrees = 120.000000
kickerHeight = 0.200000
kickerColor = [1.000000, 0.950000, 0.900000, 1.000000]
groundMode = "Texture"
rainEnabled = false
rainDropCount = 420
rainFallSpeed = 24.000000
rainWindStrength = 0.120000
rainStreakLength = 1.800000
rainAlpha = 0.550000
fogEnabled = false
fogStartDistance = 22.000000
fogEndDistance = 90.000000
fogDensity = 0.650000
fogColor = [0.580000, 0.660000, 0.760000, 1.000000]
underwaterEnabled = true
underwaterFogStartDistance = 2.000000
underwaterFogEndDistance = 52.000000
underwaterFogDensity = 0.900000
underwaterFogColor = [0.040000, 0.180000, 0.270000, 1.000000]
underwaterDistortionStrength = 0.009000
underwaterDistortionSpeed = 0.560000
underwaterDistortionScale = 22.000000
underwaterParticleAmount = 0.820000
underwaterNearParticles = [90, -4.000000, -1.200000, 2.400000, 0.130000, 12.000000, 0.680000, 0.900000, 1.000000]
underwaterMidParticles = [150, -8.000000, -2.200000, 1.400000, 0.160000, 8.000000, 0.750000, 0.950000, 1.000000]
underwaterFarParticles = [260, -13.000000, -3.000000, 0.750000, 0.100000, 5.000000, 0.820000, 0.980000, 1.000000]
effectChain = ["なし"]
effectChainEnabled = [true]
panelCollapsed = true
vSyncEnabled = true
maxFPS = 60
powerSavingMode = true
idleFPS = 30
backgroundFPS = 10
panelPosX = 482.00
panelPosY = 42.00
